26 20 5
27 22 6
28 19 4
28 61 9
29 20 5
29 60 6
29 64 6
30 20 5
30 61 5
31 21 5
31 63 6
31 59 5
32 21 5
32 59 5
32 63 7
33 22 5
33 60 5
34 22 5
34 58 5
34 62 7
35 60 6
35 23 5
36 23 4
36 59 3
36 27 5
37 24 5
37 56 4
37 60 7
38 24 5
38 56 3
38 60 8
39 24 4
39 28 4
39 58 6
40 28 5
40 24 5
40 60 8
41 55 5
41 25 4
41 59 7
42 29 5
42 57 6
42 25 5
43 56 5
43 26 4
44 30 7
44 55 5
44 26 5
45 29 5
45 52 2
45 56 6
46 51 1
46 31 7
46 55 5
46 27 4
47 32 4
47 51 5
47 28 4
47 56 7
47 36 8
48 34 4
48 52 5
48 30 4
48 56 7
48 47 3
49 34 4
49 49 4
49 29 4
49 53 4
49 38 9
50 33 3
50 50 3
50 28 4
50 55 8
50 46 2
51 33 3
51 51 3
51 29 4
51 47 3
51 37 8
51 55 8
52 52 5
52 29 3
52 33 3
52 47 5
52 37 7
53 50 9
53 33 8
53 29 3
53 44 3
53 54 3
53 37 7
54 33 7
54 46 5
54 51 4
54 55 4
55 47 8
55 52 5
55 32 3
56 50 5
56 31 3
56 35 9
56 54 5
57 47 6
57 52 8
57 31 3
58 35 2
58 49 5
58 31 3
59 47 3
59 51 7
59 31 3
60 32 2
60 49 5
60 36 3
61 46 7
61 32 3
61 50 6
62 36 3
62 32 3
62 48 6
63 36 3
63 46 4
63 32 3
64 45 4
64 37 3
64 33 3
65 38 7
65 42 3
65 33 3
65 48 9
66 39 1
66 44 6
66 35 3
67 42 4
67 37 6
67 47 9
68 39 8
68 44 7
68 35 3
69 42 5
69 37 5
69 46 9
70 38 6
70 43 6
70 34 4
71 42 5
71 37 4
71 46 9
72 38 5
72 43 6
73 42 3
73 36 6
73 46 9
74 40 6
74 36 7
74 45 4
75 40 0
75 44 3
76 40 0
76 44 3
77 40 0
78 40 0
78 41 0
