15 65 6
15 69 7
16 69 9
16 13 5
17 15 8
17 66 6
18 16 7
18 66 6
18 12 6
19 63 6
19 14 5
19 67 7
20 16 6
20 64 4
21 15 5
21 62 7
21 66 6
22 17 5
22 64 4
23 62 5
23 17 4
23 66 8
24 19 4
24 63 6
25 16 4
25 61 4
26 20 3
26 16 4
26 61 4
27 20 2
27 60 5
28 58 5
28 17 3
28 62 7
29 18 2
29 57 5
29 61 7
30 59 5
30 18 3
31 22 5
31 18 3
31 61 8
32 57 4
32 19 4
32 61 8
33 20 5
33 60 7
33 55 6
34 21 5
34 56 3
34 60 7
35 20 5
35 57 5
35 24 5
36 23 6
36 55 3
36 59 7
37 53 3
37 23 6
37 57 7
38 52 2
38 23 5
38 57 7
39 25 7
39 50 1
39 56 7
40 29 6
40 50 5
40 22 5
40 54 5
41 29 4
41 25 4
41 51 4
41 55 7
41 46 2
42 49 4
42 29 3
42 24 4
42 54 7
42 33 9
43 28 4
43 50 5
43 24 4
43 46 4
43 54 7
43 32 7
44 27 4
44 49 4
44 31 6
44 54 8
44 43 1
45 52 6
45 24 4
45 28 4
45 46 5
45 32 7
46 49 9
46 24 4
46 28 7
46 54 4
46 32 6
46 43 3
47 51 5
47 47 7
47 26 4
47 31 5
48 46 6
48 26 4
48 50 5
48 30 8
49 50 5
49 30 8
49 26 4
50 30 4
50 51 7
50 26 4
51 48 4
51 27 4
52 47 5
52 27 4
52 51 8
53 45 4
53 28 4
53 50 8
54 46 4
54 28 4
55 46 3
55 28 3
56 32 3
56 46 2
56 28 3
57 44 2
57 29 4
57 48 8
58 33 3
58 46 3
58 29 3
59 44 3
59 48 9
59 30 4
60 44 3
60 48 3
60 30 3
61 43 4
61 47 9
61 30 3
62 46 8
62 31 4
62 35 4
63 35 7
63 43 5
63 31 3
64 36 8
64 41 3
64 32 4
64 45 7
65 35 6
65 42 4
66 39 8
66 33 6
66 44 6
67 38 6
67 33 6
67 42 4
68 38 1
68 42 5
68 34 9
69 40 4
69 35 9
70 37 2
70 41 6
71 36 2
71 40 6
72 38 4
